[0.99999994 0.70139235 0.6437079  0.74754316 0.64820296 0.6665775
 0.6251833  0.76367044 0.55415696 0.57564646 0.6076855 ] [0.70139235 1.         0.6177202  0.49917892 0.46941668 0.574291
 0.61198276 0.69606835 0.38665563 0.46971694 0.655464  ] [0.6437079  0.6177202  1.         0.7531429  0.5069424  0.741229
 0.802873   0.7499615  0.5706147  0.56407154 0.6831725 ] [0.74754316 0.49917892 0.7531429  0.9999998  0.7457385  0.6903452
 0.6708144  0.7936507  0.6935466  0.77763104 0.669151  ] [0.64820296 0.46941668 0.5069424  0.7457385  0.99999994 0.4687251
 0.41014788 0.7058893  0.5636856  0.67563987 0.5230408 ] [0.6665775  0.574291   0.741229   0.6903452  0.4687251  0.9999999
 0.59792846 0.6928557  0.42656234 0.4429606  0.52311224] [0.6251833  0.61198276 0.802873   0.6708144  0.41014788 0.59792846
 0.9999999  0.710923   0.42759773 0.6188683  0.7207854 ] [0.76367044 0.69606835 0.7499615  0.7936507  0.7058893  0.6928557
 0.710923   1.         0.55162567 0.6946337  0.75509894] [0.55415696 0.38665563 0.5706147  0.6935466  0.5636856  0.42656234
 0.42759773 0.55162567 0.99999994 0.8047414  0.60254335] [0.57564646 0.46971694 0.56407154 0.77763104 0.67563987 0.4429606
 0.6188683  0.6946337  0.8047414  0.99999994 0.71900207] [0.6076855  0.655464   0.6831725  0.669151   0.5230408  0.52311224
 0.7207854  0.75509894 0.60254335 0.71900207 0.9999999 ]

